0
28
63
105
154
210
273
343
420
504
595
693
798
910
1029
1155
1288
1428
1575
1729
1890
2058
2233
2415
2604
2800
3003
3213
3430
3654
3885
4123
4368
4620
4879
5145
5418
5698
5985
6279
6580
6888
7203
7525
7854
8190
8533
8883
9240
9604
9975
10353
10738
11130
11529
11935
12348
12768
13195
13629
14070
14518
14973
15435
15904
16380
16863
17353
17850
18354
18865
19383
19908
20440
20979
21525
22078
22638
23205
23779
24360
24948
25543
26145
26754
27370
27993
28623
29260
29904
30555
31213
31878
32550
33229
33915
34608
35308
36015
36729
