28, 1, 
63, 2, 
105, 3, 
154, 4, 
210, 5, 
273, 6, 
343, 7, 
420, 8, 
504, 9, 
595, 10, 
693, 11, 
798, 12, 
910, 13, 
1029, 14, 
1155, 15, 
1288, 16, 
1428, 17, 
1575, 18, 
1729, 19, 
1890, 20, 
2058, 21, 
2233, 22, 
2415, 23, 
2604, 24, 
2800, 25, 
3003, 26, 
3213, 27, 
3430, 28, 
3654, 29, 
3885, 30, 
4123, 31, 
4368, 32, 
4620, 33, 
4879, 34, 
5145, 35, 
5418, 36, 
5698, 37, 
5985, 38, 
6279, 39, 
6580, 40, 
6888, 41, 
7203, 42, 
7525, 43, 
7854, 44, 
8190, 45, 
8533, 46, 
8883, 47, 
9240, 48, 
9604, 49, 
9975, 50, 
10353, 51, 
10738, 52, 
11130, 53, 
11529, 54, 
11935, 55, 
12348, 56, 
12768, 57, 
13195, 58, 
13629, 59, 
14070, 60, 
14518, 61, 
14973, 62, 
15435, 63, 
15904, 64, 
16380, 65, 
16863, 66, 
17353, 67, 
17850, 68, 
18354, 69, 
18865, 70, 
19383, 71, 
19908, 72, 
20440, 73, 
20979, 74, 
21525, 75, 
22078, 76, 
22638, 77, 
23205, 78, 
23779, 79, 
24360, 80, 
24948, 81, 
25543, 82, 
26145, 83, 
26754, 84, 
27370, 85, 
27993, 86, 
28623, 87, 
29260, 88, 
29904, 89, 
30555, 90, 
31213, 91, 
31878, 92, 
32550, 93, 
33229, 94, 
33915, 95, 
34608, 96, 
35308, 97, 
36015, 98, 
36729, 99, 
37450, 100, 
38178, 101, 
38913, 102, 
39655, 103, 
40404, 104, 
41160, 105, 
41923, 106, 
42693, 107, 
43470, 108, 
44254, 109, 
45045, 110, 
45843, 111, 
46648, 112, 
47460, 113, 
48279, 114, 
49105, 115, 
49938, 116, 
50778, 117, 
51625, 118, 
52479, 119, 
53340, 120, 
54208, 121, 
55083, 122, 
55965, 123, 
56854, 124, 
57750, 125, 
58653, 126, 
59563, 127, 
60480, 128, 
61404, 129, 
62335, 130, 
63273, 131, 
64218, 132, 
65170, 133, 
66129, 134, 
67095, 135, 
68068, 136, 
69048, 137, 
70035, 138, 
71029, 139, 
72030, 140, 
73038, 141, 
74053, 142, 
75075, 143, 
76104, 144, 
77140, 145, 
78183, 146, 
79233, 147, 
80290, 148, 
81354, 149, 
82425, 150, 
83503, 151, 
84588, 152, 
85680, 153, 
86779, 154, 
87885, 155, 
88998, 156, 
90118, 157, 
91245, 158, 
92379, 159, 
93520, 160, 
94668, 161, 
95823, 162, 
96985, 163, 
98154, 164, 
99330, 165, 
100513, 166, 
101703, 167, 
102900, 168, 
104104, 169, 
105315, 170, 
106533, 171, 
107758, 172, 
108990, 173, 
110229, 174, 
111475, 175, 
112728, 176, 
113988, 177, 
115255, 178, 
116529, 179, 
117810, 180, 
119098, 181, 
120393, 182, 
121695, 183, 
123004, 184, 
124320, 185, 
125643, 186, 
126973, 187, 
128310, 188, 
129654, 189, 
131005, 190, 
132363, 191, 
133728, 192, 
135100, 193, 
136479, 194, 
137865, 195, 
139258, 196, 
140658, 197, 
142065, 198, 
143479, 199, 
144900, 200, 
146328, 201, 
147763, 202, 
149205, 203, 
150654, 204, 
152110, 205, 
153573, 206, 
155043, 207, 
156520, 208, 
158004, 209, 
159495, 210, 
160993, 211, 
162498, 212, 
164010, 213, 
165529, 214, 
167055, 215, 
168588, 216, 
170128, 217, 
171675, 218, 
173229, 219, 
174790, 220, 
176358, 221, 
177933, 222, 
179515, 223, 
181104, 224, 
182700, 225, 
184303, 226, 
185913, 227, 
187530, 228, 
189154, 229, 
190785, 230, 
192423, 231, 
194068, 232, 
195720, 233, 
197379, 234, 
199045, 235, 
200718, 236, 
202398, 237, 
204085, 238, 
205779, 239, 
207480, 240, 
209188, 241, 
210903, 242, 
212625, 243, 
214354, 244, 
216090, 245, 
217833, 246, 
219583, 247, 
221340, 248, 
223104, 249, 
224875, 250, 
226653, 251, 
228438, 252, 
230230, 253, 
232029, 254, 
233835, 255, 
235648, 256, 
237468, 257, 
239295, 258, 
241129, 259, 
242970, 260, 
244818, 261, 
246673, 262, 
248535, 263, 
250404, 264, 
252280, 265, 
254163, 266, 
256053, 267, 
257950, 268, 
259854, 269, 
261765, 270, 
263683, 271, 
265608, 272, 
267540, 273, 
269479, 274, 
271425, 275, 
273378, 276, 
275338, 277, 
277305, 278, 
279279, 279, 
281260, 280, 
283248, 281, 
285243, 282, 
287245, 283, 
289254, 284, 
291270, 285, 
293293, 286, 
295323, 287, 
297360, 288, 
299404, 289, 
301455, 290, 
303513, 291, 
305578, 292, 
307650, 293, 
309729, 294, 
311815, 295, 
313908, 296, 
316008, 297, 
318115, 298, 
320229, 299, 
322350, 300, 
324478, 301, 
326613, 302, 
328755, 303, 
330904, 304, 
333060, 305, 
335223, 306, 
337393, 307, 
339570, 308, 
341754, 309, 
343945, 310, 
346143, 311, 
348348, 312, 
350560, 313, 
352779, 314, 
355005, 315, 
357238, 316, 
359478, 317, 
361725, 318, 
363979, 319, 
366240, 320, 
368508, 321, 
370783, 322, 
373065, 323, 
375354, 324, 
377650, 325, 
379953, 326, 
382263, 327, 
384580, 328, 
386904, 329, 
389235, 330, 
391573, 331, 
393918, 332, 
396270, 333, 
398629, 334, 
400995, 335, 
403368, 336, 
405748, 337, 
408135, 338, 
410529, 339, 
412930, 340, 
415338, 341, 
417753, 342, 
420175, 343, 
422604, 344, 
425040, 345, 
427483, 346, 
429933, 347, 
432390, 348, 
434854, 349, 
437325, 350, 
439803, 351, 
442288, 352, 
444780, 353, 
447279, 354, 
449785, 355, 
452298, 356, 
454818, 357, 
457345, 358, 
459879, 359, 
462420, 360, 
464968, 361, 
467523, 362, 
470085, 363, 
472654, 364, 
475230, 365, 
477813, 366, 
480403, 367, 
483000, 368, 
485604, 369, 
488215, 370, 
490833, 371, 
493458, 372, 
496090, 373, 
498729, 374, 
501375, 375, 
504028, 376, 
506688, 377, 
509355, 378, 
512029, 379, 
514710, 380, 
517398, 381, 
520093, 382, 
522795, 383, 
525504, 384, 
528220, 385, 
530943, 386, 
533673, 387, 
536410, 388, 
539154, 389, 
541905, 390, 
544663, 391, 
547428, 392, 
550200, 393, 
552979, 394, 
555765, 395, 
558558, 396, 
561358, 397, 
564165, 398, 
566979, 399, 
569800, 400, 
572628, 401, 
575463, 402, 
578305, 403, 
581154, 404, 
584010, 405, 
586873, 406, 
589743, 407, 
592620, 408, 
595504, 409, 
598395, 410, 
601293, 411, 
604198, 412, 
607110, 413, 
610029, 414, 
612955, 415, 
615888, 416, 
618828, 417, 
621775, 418, 
624729, 419, 
627690, 420, 
630658, 421, 
633633, 422, 
636615, 423, 
639604, 424, 
642600, 425, 
645603, 426, 
648613, 427, 
651630, 428, 
654654, 429, 
657685, 430, 
660723, 431, 
663768, 432, 
666820, 433, 
669879, 434, 
672945, 435, 
676018, 436, 
679098, 437, 
682185, 438, 
685279, 439, 
688380, 440, 
691488, 441, 
694603, 442, 
697725, 443, 
700854, 444, 
703990, 445, 
707133, 446, 
710283, 447, 
713440, 448, 
716604, 449, 
719775, 450, 
722953, 451, 
726138, 452, 
729330, 453, 
732529, 454, 
735735, 455, 
738948, 456, 
742168, 457, 
745395, 458, 
748629, 459, 
751870, 460, 
755118, 461, 
758373, 462, 
761635, 463, 
764904, 464, 
768180, 465, 
771463, 466, 
774753, 467, 
778050, 468, 
781354, 469, 
784665, 470, 
787983, 471, 
791308, 472, 
794640, 473, 
797979, 474, 
801325, 475, 
804678, 476, 
808038, 477, 
811405, 478, 
814779, 479, 
818160, 480, 
821548, 481, 
824943, 482, 
828345, 483, 
831754, 484, 
835170, 485, 
838593, 486, 
842023, 487, 
845460, 488, 
848904, 489, 
852355, 490, 
855813, 491, 
859278, 492, 
862750, 493, 
866229, 494, 
869715, 495, 
873208, 496, 
876708, 497, 
880215, 498, 
883729, 499, 
887250, 500, 
890778, 501, 
894313, 502, 
897855, 503, 
901404, 504, 
904960, 505, 
908523, 506, 
912093, 507, 
915670, 508, 
919254, 509, 
922845, 510, 
926443, 511, 
930048, 512, 
933660, 513, 
937279, 514, 
940905, 515, 
944538, 516, 
948178, 517, 
951825, 518, 
955479, 519, 
959140, 520, 
962808, 521, 
966483, 522, 
970165, 523, 
973854, 524, 
977550, 525, 
981253, 526, 
984963, 527, 
988680, 528, 
992404, 529, 
996135, 530, 
999873, 531, 
1003618, 532, 
1007370, 533, 
1011129, 534, 
1014895, 535, 
1018668, 536, 
1022448, 537, 
1026235, 538, 
1030029, 539, 
1033830, 540, 
1037638, 541, 
1041453, 542, 
1045275, 543, 
1049104, 544, 
1052940, 545, 
1056783, 546, 
1060633, 547, 
1064490, 548, 
1068354, 549, 
1072225, 550, 
1076103, 551, 
1079988, 552, 
1083880, 553, 
1087779, 554, 
1091685, 555, 
1095598, 556, 
1099518, 557, 
1103445, 558, 
1107379, 559, 
1111320, 560, 
1115268, 561, 
1119223, 562, 
1123185, 563, 
1127154, 564, 
1131130, 565, 
1135113, 566, 
1139103, 567, 
1143100, 568, 
1147104, 569, 
1151115, 570, 
1155133, 571, 
1159158, 572, 
1163190, 573, 
1167229, 574, 
1171275, 575, 
1175328, 576, 
1179388, 577, 
1183455, 578, 
1187529, 579, 
1191610, 580, 
1195698, 581, 
1199793, 582, 
1203895, 583, 
1208004, 584, 
1212120, 585, 
1216243, 586, 
1220373, 587, 
1224510, 588, 
1228654, 589, 
1232805, 590, 
1236963, 591, 
1241128, 592, 
1245300, 593, 
1249479, 594, 
1253665, 595, 
1257858, 596, 
1262058, 597, 
1266265, 598, 
1270479, 599, 
1274700, 600, 
1278928, 601, 
1283163, 602, 
1287405, 603, 
1291654, 604, 
1295910, 605, 
1300173, 606, 
1304443, 607, 
1308720, 608, 
1313004, 609, 
1317295, 610, 
1321593, 611, 
1325898, 612, 
1330210, 613, 
1334529, 614, 
1338855, 615, 
1343188, 616, 
1347528, 617, 
1351875, 618, 
1356229, 619, 
1360590, 620, 
1364958, 621, 
1369333, 622, 
1373715, 623, 
1378104, 624, 
1382500, 625, 
1386903, 626, 
1391313, 627, 
1395730, 628, 
1400154, 629, 
1404585, 630, 
1409023, 631, 
1413468, 632, 
1417920, 633, 
1422379, 634, 
1426845, 635, 
1431318, 636, 
1435798, 637, 
1440285, 638, 
1444779, 639, 
1449280, 640, 
1453788, 641, 
1458303, 642, 
1462825, 643, 
1467354, 644, 
1471890, 645, 
1476433, 646, 
1480983, 647, 
1485540, 648, 
1490104, 649, 
1494675, 650, 
1499253, 651, 
1503838, 652, 
1508430, 653, 
1513029, 654, 
1517635, 655, 
1522248, 656, 
1526868, 657, 
1531495, 658, 
1536129, 659, 
1540770, 660, 
1545418, 661, 
1550073, 662, 
1554735, 663, 
1559404, 664, 
1564080, 665, 
1568763, 666, 
1573453, 667, 
1578150, 668, 
1582854, 669, 
1587565, 670, 
1592283, 671, 
1597008, 672, 
1601740, 673, 
1606479, 674, 
1611225, 675, 
1615978, 676, 
1620738, 677, 
1625505, 678, 
1630279, 679, 
1635060, 680, 
1639848, 681, 
1644643, 682, 
1649445, 683, 
1654254, 684, 
1659070, 685, 
1663893, 686, 
1668723, 687, 
1673560, 688, 
1678404, 689, 
1683255, 690, 
1688113, 691, 
1692978, 692, 
1697850, 693, 
1702729, 694, 
1707615, 695, 
1712508, 696, 
1717408, 697, 
1722315, 698, 
1727229, 699, 
1732150, 700, 
1737078, 701, 
1742013, 702, 
1746955, 703, 
1751904, 704, 
1756860, 705, 
1761823, 706, 
1766793, 707, 
1771770, 708, 
1776754, 709, 
1781745, 710, 
1786743, 711, 
1791748, 712, 
1796760, 713, 
1801779, 714, 
1806805, 715, 
1811838, 716, 
1816878, 717, 
1821925, 718, 
1826979, 719, 
1832040, 720, 
1837108, 721, 
1842183, 722, 
1847265, 723, 
1852354, 724, 
1857450, 725, 
1862553, 726, 
1867663, 727, 
1872780, 728, 
1877904, 729, 
1883035, 730, 
1888173, 731, 
1893318, 732, 
1898470, 733, 
1903629, 734, 
1908795, 735, 
1913968, 736, 
1919148, 737, 
1924335, 738, 
1929529, 739, 
1934730, 740, 
1939938, 741, 
1945153, 742, 
1950375, 743, 
1955604, 744, 
1960840, 745, 
1966083, 746, 
1971333, 747, 
1976590, 748, 
1981854, 749, 
1987125, 750, 
1992403, 751, 
1997688, 752, 
2002980, 753, 
2008279, 754, 
2013585, 755, 
2018898, 756, 
2024218, 757, 
2029545, 758, 
2034879, 759, 
2040220, 760, 
2045568, 761, 
2050923, 762, 
2056285, 763, 
2061654, 764, 
2067030, 765, 
2072413, 766, 
2077803, 767, 
2083200, 768, 
2088604, 769, 
2094015, 770, 
2099433, 771, 
2104858, 772, 
2110290, 773, 
2115729, 774, 
2121175, 775, 
2126628, 776, 
2132088, 777, 
2137555, 778, 
2143029, 779, 
2148510, 780, 
2153998, 781, 
2159493, 782, 
2164995, 783, 
2170504, 784, 
2176020, 785, 
2181543, 786, 
2187073, 787, 
2192610, 788, 
2198154, 789, 
2203705, 790, 
2209263, 791, 
2214828, 792, 
2220400, 793, 
2225979, 794, 
2231565, 795, 
2237158, 796, 
2242758, 797, 
2248365, 798, 
2253979, 799, 
2259600, 800, 
2265228, 801, 
2270863, 802, 
2276505, 803, 
2282154, 804, 
2287810, 805, 
2293473, 806, 
2299143, 807, 
2304820, 808, 
2310504, 809, 
2316195, 810, 
2321893, 811, 
2327598, 812, 
2333310, 813, 
2339029, 814, 
2344755, 815, 
2350488, 816, 
2356228, 817, 
2361975, 818, 
2367729, 819, 
2373490, 820, 
2379258, 821, 
2385033, 822, 
2390815, 823, 
2396604, 824, 
2402400, 825, 
2408203, 826, 
2414013, 827, 
2419830, 828, 
2425654, 829, 
2431485, 830, 
2437323, 831, 
2443168, 832, 
2449020, 833, 
2454879, 834, 
2460745, 835, 
2466618, 836, 
2472498, 837, 
2478385, 838, 
2484279, 839, 
2490180, 840, 
2496088, 841, 
2502003, 842, 
2507925, 843, 
2513854, 844, 
2519790, 845, 
2525733, 846, 
2531683, 847, 
2537640, 848, 
2543604, 849, 
2549575, 850, 
2555553, 851, 
2561538, 852, 
2567530, 853, 
2573529, 854, 
2579535, 855, 
2585548, 856, 
2591568, 857, 
2597595, 858, 
2603629, 859, 
2609670, 860, 
2615718, 861, 
2621773, 862, 
2627835, 863, 
2633904, 864, 
2639980, 865, 
2646063, 866, 
2652153, 867, 
2658250, 868, 
2664354, 869, 
2670465, 870, 
2676583, 871, 
2682708, 872, 
2688840, 873, 
2694979, 874, 
2701125, 875, 
2707278, 876, 
2713438, 877, 
2719605, 878, 
2725779, 879, 
2731960, 880, 
2738148, 881, 
2744343, 882, 
2750545, 883, 
2756754, 884, 
2762970, 885, 
2769193, 886, 
2775423, 887, 
2781660, 888, 
2787904, 889, 
2794155, 890, 
2800413, 891, 
2806678, 892, 
2812950, 893, 
2819229, 894, 
2825515, 895, 
2831808, 896, 
2838108, 897, 
2844415, 898, 
2850729, 899, 
2857050, 900, 
2863378, 901, 
2869713, 902, 
2876055, 903, 
2882404, 904, 
2888760, 905, 
2895123, 906, 
2901493, 907, 
2907870, 908, 
2914254, 909, 
2920645, 910, 
2927043, 911, 
2933448, 912, 
2939860, 913, 
2946279, 914, 
2952705, 915, 
2959138, 916, 
2965578, 917, 
2972025, 918, 
2978479, 919, 
2984940, 920, 
2991408, 921, 
2997883, 922, 
3004365, 923, 
3010854, 924, 
3017350, 925, 
3023853, 926, 
3030363, 927, 
3036880, 928, 
3043404, 929, 
3049935, 930, 
3056473, 931, 
3063018, 932, 
3069570, 933, 
3076129, 934, 
3082695, 935, 
3089268, 936, 
3095848, 937, 
3102435, 938, 
3109029, 939, 
3115630, 940, 
3122238, 941, 
3128853, 942, 
3135475, 943, 
3142104, 944, 
3148740, 945, 
3155383, 946, 
3162033, 947, 
3168690, 948, 
3175354, 949, 
3182025, 950, 
3188703, 951, 
3195388, 952, 
3202080, 953, 
3208779, 954, 
3215485, 955, 
3222198, 956, 
3228918, 957, 
3235645, 958, 
3242379, 959, 
3249120, 960, 
3255868, 961, 
3262623, 962, 
3269385, 963, 
3276154, 964, 
3282930, 965, 
3289713, 966, 
3296503, 967, 
3303300, 968, 
3310104, 969, 
3316915, 970, 
3323733, 971, 
3330558, 972, 
3337390, 973, 
3344229, 974, 
3351075, 975, 
3357928, 976, 
3364788, 977, 
3371655, 978, 
3378529, 979, 
3385410, 980, 
3392298, 981, 
3399193, 982, 
3406095, 983, 
3413004, 984, 
3419920, 985, 
3426843, 986, 
3433773, 987, 
3440710, 988, 
3447654, 989, 
3454605, 990, 
3461563, 991, 
3468528, 992, 
3475500, 993, 
3482479, 994, 
3489465, 995, 
3496458, 996, 
3503458, 997, 
3510465, 998, 
3517479, 999, 
